99999999999999999999999999999999
99666666666666666666666666666699
96966666666666666666666666666969
96696666666666666666666666669669
96669666666666666666666666696669
96666999999999999999999999966669
96666988896669666696669777966669
96666988889669666696697777966669
96666988888969666696977777966669
96666998888899666699777779966669
96666969888889666697777796966669
96666966988888966977777966966669
96666966998888899777779966966669
96666966969888889777796966966669
96666966966988888977966966966669
96666966966698888899666966966669
96666966966699888889666966966669
96666966966977988888966966966669
96666966969777798888896966966669
96666966997777799888889966966669
96666966977777966988888966966669
96666969777779666698888896966669
96666997777799666699888889966669
96666977777969666696988888966669
96666977779669666696698888966669
96666977796669666696669888966669
96666999999999999999999999966669
96669666666666666666666666696669
96696666666666666666666666669669
96966666666666666666666666666969
99666666666666666666666666666699
99999999999999999999999999999999