22200000000022222222000000000222
22000000000022222222000000000022
20001111111122222222111111110002
00011111111122222222111111111000
00111222222222222222222222211100
00112222222222222222222222221100
00112222222222222222222222221100
00112229999999999999999992221100
00112229666666666666666692221100
00112229666666666666666692221100
00112229669999999999996692221100
00112229669788888888796692221100
22222229669878888887896692222222
22222229669887888878896692222222
22222229669888788788896692222222
22222229669888877888896692222222
22222229669888877888896692222222
22222229669888877888896692222222
22222229669888788788896692222222
00112229669887888878896692221100
00112229669878888887896692221100
00112229669788888888796692221100
00112229669999999999996692221100
00112229666666666666666692221100
00112229666666666666666692221100
00112229999999999999999992221100
00112222222222222222222222221100
00111222222222222222222222211100
00011111111122222222111111111000
20001111111122222222111111110002
22000000000022222222000000000022
22200000000022222222000000000222