22200000000022222222000000000222
22000000000022222222000000000022
20001111111122222222111111110002
00011111111122222222111111111000
00111222222222222222222222211100
00112222222222222222222222221100
00112222222222222222222222221100
00112222222222222222222222221100
00112222222222222222222222221100
00112222222222222222222222221100
00112222222222222222222222221100
00112222222222222222222222221100
22222222222222222222222222222222
22222222222222222222222222222222
22222222222222222222222222222222
22222222222222222222222222222222
22222222222222222222222222222222
22222222222222222222222222222222
22222222222222222222222222222222
00112222222222222222222222221100
00112222222222222222222222221100
00112222222222222222222222221100
00112222222222222222222222221100
00112222222222222222222222221100
00112222222222222222222222221100
00112222222222222222222222221100
00112222222222222222222222221100
00111222222222222222222222211100
00011111111122222222111111111000
20001111111122222222111111110002
22000000000022222222000000000022
22200000000022222222000000000222