77700000000077777777000000000777
77000000000077777777000000000077
70001111111177777777111111110007
00011111111177777777111111111000
00111777777777777777777777711100
00117777777777777777777777771100
00117777777777777777777777771100
00117777777777777777777777771100
00117777777777777777777777771100
00117777777777777777777777771100
00117777777777777777777777771100
00117777777777777777777777771100
77777777777777777777777777777777
77777777777777777777777777777777
77777777777777777777777777777777
77777777777777777777777777777777
77777777777777777777777777777777
77777777777777777777777777777777
77777777777777777777777777777777
00117777777777777777777777771100
00117777777777777777777777771100
00117777777777777777777777771100
00117777777777777777777777771100
00117777777777777777777777771100
00117777777777777777777777771100
00117777777777777777777777771100
00117777777777777777777777771100
00111777777777777777777777711100
00011111111177777777111111111000
70001111111177777777111111110007
77000000000077777777000000000077
77700000000077777777000000000777