77700000000077777777000000000777
77000000000079999997000000000077
70001111119999999999991111110007
00011111999333333333399911111000
00111779333333000033333397711100
00117793333300000000333339771100
00117933339999999999993333971100
00117933999999999999999933971100
00117939999999999999999993971100
00117939955000555500055993971100
00117995555099555599055559971100
00119595555099555599055559591100
77779599555555555555555599597777
77777995599555555555599559977777
77777795599999999999999559777777
77777779559999999999995597777777
77777777995555555555559977777777
77779999939999999999993999997777
77793333334443333334443333339777
00939993332223333332223339993900
00190009442224444442224490009100
00900000942224444442224900000900
00900000944444444444444900000900
00900009444444444444444490000900
00199994444444444444444449999100
00117794444449999994444449771100
00117794444449777794444449771100
00111794444449777794444449711100
00011966666669777796666666911000
70009666666669777796666666690007
77009999999999777799999999990077
77700000000077777777000000000777